-0.0900000000 -0.0900000000 0.0100000000
-0.0700000000 -0.0900000000 0.0100000000
-0.0500000000 -0.0900000000 0.0100000000
-0.0300000000 -0.0900000000 0.0100000000
-0.0100000000 -0.0900000000 0.0100000000
0.0100000000 -0.0900000000 0.0100000000
0.0300000000 -0.0900000000 0.0100000000
0.0500000000 -0.0900000000 0.0100000000
0.0700000000 -0.0900000000 0.0100000000
0.0900000000 -0.0900000000 0.0100000000
-0.0900000000 -0.0700000000 0.0100000000
-0.0700000000 -0.0700000000 0.0100000000
-0.0500000000 -0.0700000000 0.0100000000
-0.0300000000 -0.0700000000 0.0100000000
-0.0100000000 -0.0700000000 0.0100000000
0.0100000000 -0.0700000000 0.0100000000
0.0300000000 -0.0700000000 0.0100000000
0.0500000000 -0.0700000000 0.0100000000
0.0700000000 -0.0700000000 0.0100000000
0.0900000000 -0.0700000000 0.0100000000
-0.0900000000 -0.0500000000 0.0100000000
-0.0700000000 -0.0500000000 0.0100000000
-0.0500000000 -0.0500000000 0.0100000000
-0.0300000000 -0.0500000000 0.0100000000
-0.0100000000 -0.0500000000 0.0100000000
0.0100000000 -0.0500000000 0.0100000000
0.0300000000 -0.0500000000 0.0100000000
0.0500000000 -0.0500000000 0.0100000000
0.0700000000 -0.0500000000 0.0100000000
0.0900000000 -0.0500000000 0.0100000000
-0.0900000000 -0.0300000000 0.0100000000
-0.0700000000 -0.0300000000 0.0100000000
-0.0500000000 -0.0300000000 0.0100000000
-0.0300000000 -0.0300000000 0.0100000000
-0.0100000000 -0.0300000000 0.0100000000
0.0100000000 -0.0300000000 0.0100000000
0.0300000000 -0.0300000000 0.0100000000
0.0500000000 -0.0300000000 0.0100000000
0.0700000000 -0.0300000000 0.0100000000
0.0900000000 -0.0300000000 0.0100000000
-0.0900000000 -0.0100000000 0.0100000000
-0.0700000000 -0.0100000000 0.0100000000
-0.0500000000 -0.0100000000 0.0100000000
-0.0300000000 -0.0100000000 0.0100000000
-0.0100000000 -0.0100000000 0.0100000000
0.0100000000 -0.0100000000 0.0100000000
0.0300000000 -0.0100000000 0.0100000000
0.0500000000 -0.0100000000 0.0100000000
0.0700000000 -0.0100000000 0.0100000000
0.0900000000 -0.0100000000 0.0100000000
-0.0900000000 0.0100000000 0.0100000000
-0.0700000000 0.0100000000 0.0100000000
-0.0500000000 0.0100000000 0.0100000000
-0.0300000000 0.0100000000 0.0100000000
-0.0100000000 0.0100000000 0.0100000000
0.0100000000 0.0100000000 0.0100000000
0.0300000000 0.0100000000 0.0100000000
0.0500000000 0.0100000000 0.0100000000
0.0700000000 0.0100000000 0.0100000000
0.0900000000 0.0100000000 0.0100000000
-0.0900000000 0.0300000000 0.0100000000
-0.0700000000 0.0300000000 0.0100000000
-0.0500000000 0.0300000000 0.0100000000
-0.0300000000 0.0300000000 0.0100000000
-0.0100000000 0.0300000000 0.0100000000
0.0100000000 0.0300000000 0.0100000000
0.0300000000 0.0300000000 0.0100000000
0.0500000000 0.0300000000 0.0100000000
0.0700000000 0.0300000000 0.0100000000
0.0900000000 0.0300000000 0.0100000000
-0.0900000000 0.0500000000 0.0100000000
-0.0700000000 0.0500000000 0.0100000000
-0.0500000000 0.0500000000 0.0100000000
-0.0300000000 0.0500000000 0.0100000000
-0.0100000000 0.0500000000 0.0100000000
0.0100000000 0.0500000000 0.0100000000
0.0300000000 0.0500000000 0.0100000000
0.0500000000 0.0500000000 0.0100000000
0.0700000000 0.0500000000 0.0100000000
0.0900000000 0.0500000000 0.0100000000
-0.0900000000 0.0700000000 0.0100000000
-0.0700000000 0.0700000000 0.0100000000
-0.0500000000 0.0700000000 0.0100000000
-0.0300000000 0.0700000000 0.0100000000
-0.0100000000 0.0700000000 0.0100000000
0.0100000000 0.0700000000 0.0100000000
0.0300000000 0.0700000000 0.0100000000
0.0500000000 0.0700000000 0.0100000000
0.0700000000 0.0700000000 0.0100000000
0.0900000000 0.0700000000 0.0100000000
-0.0900000000 0.0900000000 0.0100000000
-0.0700000000 0.0900000000 0.0100000000
-0.0500000000 0.0900000000 0.0100000000
-0.0300000000 0.0900000000 0.0100000000
-0.0100000000 0.0900000000 0.0100000000
0.0100000000 0.0900000000 0.0100000000
0.0300000000 0.0900000000 0.0100000000
0.0500000000 0.0900000000 0.0100000000
0.0700000000 0.0900000000 0.0100000000
0.0900000000 0.0900000000 0.0100000000
-0.0900000000 -0.0900000000 0.0300000000
-0.0700000000 -0.0900000000 0.0300000000
-0.0500000000 -0.0900000000 0.0300000000
-0.0300000000 -0.0900000000 0.0300000000
-0.0100000000 -0.0900000000 0.0300000000
0.0100000000 -0.0900000000 0.0300000000
0.0300000000 -0.0900000000 0.0300000000
0.0500000000 -0.0900000000 0.0300000000
0.0700000000 -0.0900000000 0.0300000000
0.0900000000 -0.0900000000 0.0300000000
-0.0900000000 -0.0700000000 0.0300000000
-0.0700000000 -0.0700000000 0.0300000000
-0.0500000000 -0.0700000000 0.0300000000
-0.0300000000 -0.0700000000 0.0300000000
-0.0100000000 -0.0700000000 0.0300000000
0.0100000000 -0.0700000000 0.0300000000
0.0300000000 -0.0700000000 0.0300000000
0.0500000000 -0.0700000000 0.0300000000
0.0700000000 -0.0700000000 0.0300000000
0.0900000000 -0.0700000000 0.0300000000
-0.0900000000 -0.0500000000 0.0300000000
-0.0700000000 -0.0500000000 0.0300000000
-0.0500000000 -0.0500000000 0.0300000000
-0.0300000000 -0.0500000000 0.0300000000
-0.0100000000 -0.0500000000 0.0300000000
0.0100000000 -0.0500000000 0.0300000000
0.0300000000 -0.0500000000 0.0300000000
0.0500000000 -0.0500000000 0.0300000000
0.0700000000 -0.0500000000 0.0300000000
0.0900000000 -0.0500000000 0.0300000000
-0.0900000000 -0.0300000000 0.0300000000
-0.0700000000 -0.0300000000 0.0300000000
-0.0500000000 -0.0300000000 0.0300000000
-0.0300000000 -0.0300000000 0.0300000000
-0.0100000000 -0.0300000000 0.0300000000
0.0100000000 -0.0300000000 0.0300000000
0.0300000000 -0.0300000000 0.0300000000
0.0500000000 -0.0300000000 0.0300000000
0.0700000000 -0.0300000000 0.0300000000
0.0900000000 -0.0300000000 0.0300000000
-0.0900000000 -0.0100000000 0.0300000000
-0.0700000000 -0.0100000000 0.0300000000
-0.0500000000 -0.0100000000 0.0300000000
-0.0300000000 -0.0100000000 0.0300000000
-0.0100000000 -0.0100000000 0.0300000000
0.0100000000 -0.0100000000 0.0300000000
0.0300000000 -0.0100000000 0.0300000000
0.0500000000 -0.0100000000 0.0300000000
0.0700000000 -0.0100000000 0.0300000000
0.0900000000 -0.0100000000 0.0300000000
-0.0900000000 0.0100000000 0.0300000000
-0.0700000000 0.0100000000 0.0300000000
-0.0500000000 0.0100000000 0.0300000000
-0.0300000000 0.0100000000 0.0300000000
-0.0100000000 0.0100000000 0.0300000000
0.0100000000 0.0100000000 0.0300000000
0.0300000000 0.0100000000 0.0300000000
0.0500000000 0.0100000000 0.0300000000
0.0700000000 0.0100000000 0.0300000000
0.0900000000 0.0100000000 0.0300000000
-0.0900000000 0.0300000000 0.0300000000
-0.0700000000 0.0300000000 0.0300000000
-0.0500000000 0.0300000000 0.0300000000
-0.0300000000 0.0300000000 0.0300000000
-0.0100000000 0.0300000000 0.0300000000
0.0100000000 0.0300000000 0.0300000000
0.0300000000 0.0300000000 0.0300000000
0.0500000000 0.0300000000 0.0300000000
0.0700000000 0.0300000000 0.0300000000
0.0900000000 0.0300000000 0.0300000000
-0.0900000000 0.0500000000 0.0300000000
-0.0700000000 0.0500000000 0.0300000000
-0.0500000000 0.0500000000 0.0300000000
-0.0300000000 0.0500000000 0.0300000000
-0.0100000000 0.0500000000 0.0300000000
0.0100000000 0.0500000000 0.0300000000
0.0300000000 0.0500000000 0.0300000000
0.0500000000 0.0500000000 0.0300000000
0.0700000000 0.0500000000 0.0300000000
0.0900000000 0.0500000000 0.0300000000
-0.0900000000 0.0700000000 0.0300000000
-0.0700000000 0.0700000000 0.0300000000
-0.0500000000 0.0700000000 0.0300000000
-0.0300000000 0.0700000000 0.0300000000
-0.0100000000 0.0700000000 0.0300000000
0.0100000000 0.0700000000 0.0300000000
0.0300000000 0.0700000000 0.0300000000
0.0500000000 0.0700000000 0.0300000000
0.0700000000 0.0700000000 0.0300000000
0.0900000000 0.0700000000 0.0300000000
-0.0900000000 0.0900000000 0.0300000000
-0.0700000000 0.0900000000 0.0300000000
-0.0500000000 0.0900000000 0.0300000000
-0.0300000000 0.0900000000 0.0300000000
-0.0100000000 0.0900000000 0.0300000000
0.0100000000 0.0900000000 0.0300000000
0.0300000000 0.0900000000 0.0300000000
0.0500000000 0.0900000000 0.0300000000
0.0700000000 0.0900000000 0.0300000000
0.0900000000 0.0900000000 0.0300000000
-0.0900000000 -0.0900000000 0.0500000000
-0.0700000000 -0.0900000000 0.0500000000
-0.0500000000 -0.0900000000 0.0500000000
-0.0300000000 -0.0900000000 0.0500000000
-0.0100000000 -0.0900000000 0.0500000000
0.0100000000 -0.0900000000 0.0500000000
0.0300000000 -0.0900000000 0.0500000000
0.0500000000 -0.0900000000 0.0500000000
0.0700000000 -0.0900000000 0.0500000000
0.0900000000 -0.0900000000 0.0500000000
-0.0900000000 -0.0700000000 0.0500000000
-0.0700000000 -0.0700000000 0.0500000000
-0.0500000000 -0.0700000000 0.0500000000
-0.0300000000 -0.0700000000 0.0500000000
-0.0100000000 -0.0700000000 0.0500000000
0.0100000000 -0.0700000000 0.0500000000
0.0300000000 -0.0700000000 0.0500000000
0.0500000000 -0.0700000000 0.0500000000
0.0700000000 -0.0700000000 0.0500000000
0.0900000000 -0.0700000000 0.0500000000
-0.0900000000 -0.0500000000 0.0500000000
-0.0700000000 -0.0500000000 0.0500000000
-0.0500000000 -0.0500000000 0.0500000000
-0.0300000000 -0.0500000000 0.0500000000
-0.0100000000 -0.0500000000 0.0500000000
0.0100000000 -0.0500000000 0.0500000000
0.0300000000 -0.0500000000 0.0500000000
0.0500000000 -0.0500000000 0.0500000000
0.0700000000 -0.0500000000 0.0500000000
0.0900000000 -0.0500000000 0.0500000000
-0.0900000000 -0.0300000000 0.0500000000
-0.0700000000 -0.0300000000 0.0500000000
-0.0500000000 -0.0300000000 0.0500000000
-0.0300000000 -0.0300000000 0.0500000000
-0.0100000000 -0.0300000000 0.0500000000
0.0100000000 -0.0300000000 0.0500000000
0.0300000000 -0.0300000000 0.0500000000
0.0500000000 -0.0300000000 0.0500000000
0.0700000000 -0.0300000000 0.0500000000
0.0900000000 -0.0300000000 0.0500000000
-0.0900000000 -0.0100000000 0.0500000000
-0.0700000000 -0.0100000000 0.0500000000
-0.0500000000 -0.0100000000 0.0500000000
-0.0300000000 -0.0100000000 0.0500000000
-0.0100000000 -0.0100000000 0.0500000000
0.0100000000 -0.0100000000 0.0500000000
0.0300000000 -0.0100000000 0.0500000000
0.0500000000 -0.0100000000 0.0500000000
0.0700000000 -0.0100000000 0.0500000000
0.0900000000 -0.0100000000 0.0500000000
-0.0900000000 0.0100000000 0.0500000000
-0.0700000000 0.0100000000 0.0500000000
-0.0500000000 0.0100000000 0.0500000000
-0.0300000000 0.0100000000 0.0500000000
-0.0100000000 0.0100000000 0.0500000000
0.0100000000 0.0100000000 0.0500000000
0.0300000000 0.0100000000 0.0500000000
0.0500000000 0.0100000000 0.0500000000
0.0700000000 0.0100000000 0.0500000000
0.0900000000 0.0100000000 0.0500000000
-0.0900000000 0.0300000000 0.0500000000
-0.0700000000 0.0300000000 0.0500000000
-0.0500000000 0.0300000000 0.0500000000
-0.0300000000 0.0300000000 0.0500000000
-0.0100000000 0.0300000000 0.0500000000
0.0100000000 0.0300000000 0.0500000000
0.0300000000 0.0300000000 0.0500000000
0.0500000000 0.0300000000 0.0500000000
0.0700000000 0.0300000000 0.0500000000
0.0900000000 0.0300000000 0.0500000000
-0.0900000000 0.0500000000 0.0500000000
-0.0700000000 0.0500000000 0.0500000000
-0.0500000000 0.0500000000 0.0500000000
-0.0300000000 0.0500000000 0.0500000000
-0.0100000000 0.0500000000 0.0500000000
0.0100000000 0.0500000000 0.0500000000
0.0300000000 0.0500000000 0.0500000000
0.0500000000 0.0500000000 0.0500000000
0.0700000000 0.0500000000 0.0500000000
0.0900000000 0.0500000000 0.0500000000
-0.0900000000 0.0700000000 0.0500000000
-0.0700000000 0.0700000000 0.0500000000
-0.0500000000 0.0700000000 0.0500000000
-0.0300000000 0.0700000000 0.0500000000
-0.0100000000 0.0700000000 0.0500000000
0.0100000000 0.0700000000 0.0500000000
0.0300000000 0.0700000000 0.0500000000
0.0500000000 0.0700000000 0.0500000000
0.0700000000 0.0700000000 0.0500000000
0.0900000000 0.0700000000 0.0500000000
-0.0900000000 0.0900000000 0.0500000000
-0.0700000000 0.0900000000 0.0500000000
-0.0500000000 0.0900000000 0.0500000000
-0.0300000000 0.0900000000 0.0500000000
-0.0100000000 0.0900000000 0.0500000000
0.0100000000 0.0900000000 0.0500000000
0.0300000000 0.0900000000 0.0500000000
0.0500000000 0.0900000000 0.0500000000
0.0700000000 0.0900000000 0.0500000000
0.0900000000 0.0900000000 0.0500000000
-0.0900000000 -0.0900000000 0.0700000000
-0.0700000000 -0.0900000000 0.0700000000
-0.0500000000 -0.0900000000 0.0700000000
-0.0300000000 -0.0900000000 0.0700000000
-0.0100000000 -0.0900000000 0.0700000000
0.0100000000 -0.0900000000 0.0700000000
0.0300000000 -0.0900000000 0.0700000000
0.0500000000 -0.0900000000 0.0700000000
0.0700000000 -0.0900000000 0.0700000000
0.0900000000 -0.0900000000 0.0700000000
-0.0900000000 -0.0700000000 0.0700000000
-0.0700000000 -0.0700000000 0.0700000000
-0.0500000000 -0.0700000000 0.0700000000
-0.0300000000 -0.0700000000 0.0700000000
-0.0100000000 -0.0700000000 0.0700000000
0.0100000000 -0.0700000000 0.0700000000
0.0300000000 -0.0700000000 0.0700000000
0.0500000000 -0.0700000000 0.0700000000
0.0700000000 -0.0700000000 0.0700000000
0.0900000000 -0.0700000000 0.0700000000
-0.0900000000 -0.0500000000 0.0700000000
-0.0700000000 -0.0500000000 0.0700000000
-0.0500000000 -0.0500000000 0.0700000000
-0.0300000000 -0.0500000000 0.0700000000
-0.0100000000 -0.0500000000 0.0700000000
0.0100000000 -0.0500000000 0.0700000000
0.0300000000 -0.0500000000 0.0700000000
0.0500000000 -0.0500000000 0.0700000000
0.0700000000 -0.0500000000 0.0700000000
0.0900000000 -0.0500000000 0.0700000000
-0.0900000000 -0.0300000000 0.0700000000
-0.0700000000 -0.0300000000 0.0700000000
-0.0500000000 -0.0300000000 0.0700000000
-0.0300000000 -0.0300000000 0.0700000000
-0.0100000000 -0.0300000000 0.0700000000
0.0100000000 -0.0300000000 0.0700000000
0.0300000000 -0.0300000000 0.0700000000
0.0500000000 -0.0300000000 0.0700000000
0.0700000000 -0.0300000000 0.0700000000
0.0900000000 -0.0300000000 0.0700000000
-0.0900000000 -0.0100000000 0.0700000000
-0.0700000000 -0.0100000000 0.0700000000
-0.0500000000 -0.0100000000 0.0700000000
-0.0300000000 -0.0100000000 0.0700000000
-0.0100000000 -0.0100000000 0.0700000000
0.0100000000 -0.0100000000 0.0700000000
0.0300000000 -0.0100000000 0.0700000000
0.0500000000 -0.0100000000 0.0700000000
0.0700000000 -0.0100000000 0.0700000000
0.0900000000 -0.0100000000 0.0700000000
-0.0900000000 0.0100000000 0.0700000000
-0.0700000000 0.0100000000 0.0700000000
-0.0500000000 0.0100000000 0.0700000000
-0.0300000000 0.0100000000 0.0700000000
-0.0100000000 0.0100000000 0.0700000000
0.0100000000 0.0100000000 0.0700000000
0.0300000000 0.0100000000 0.0700000000
0.0500000000 0.0100000000 0.0700000000
0.0700000000 0.0100000000 0.0700000000
0.0900000000 0.0100000000 0.0700000000
-0.0900000000 0.0300000000 0.0700000000
-0.0700000000 0.0300000000 0.0700000000
-0.0500000000 0.0300000000 0.0700000000
-0.0300000000 0.0300000000 0.0700000000
-0.0100000000 0.0300000000 0.0700000000
0.0100000000 0.0300000000 0.0700000000
0.0300000000 0.0300000000 0.0700000000
0.0500000000 0.0300000000 0.0700000000
0.0700000000 0.0300000000 0.0700000000
0.0900000000 0.0300000000 0.0700000000
-0.0900000000 0.0500000000 0.0700000000
-0.0700000000 0.0500000000 0.0700000000
-0.0500000000 0.0500000000 0.0700000000
-0.0300000000 0.0500000000 0.0700000000
-0.0100000000 0.0500000000 0.0700000000
0.0100000000 0.0500000000 0.0700000000
0.0300000000 0.0500000000 0.0700000000
0.0500000000 0.0500000000 0.0700000000
0.0700000000 0.0500000000 0.0700000000
0.0900000000 0.0500000000 0.0700000000
-0.0900000000 0.0700000000 0.0700000000
-0.0700000000 0.0700000000 0.0700000000
-0.0500000000 0.0700000000 0.0700000000
-0.0300000000 0.0700000000 0.0700000000
-0.0100000000 0.0700000000 0.0700000000
0.0100000000 0.0700000000 0.0700000000
0.0300000000 0.0700000000 0.0700000000
0.0500000000 0.0700000000 0.0700000000
0.0700000000 0.0700000000 0.0700000000
0.0900000000 0.0700000000 0.0700000000
-0.0900000000 0.0900000000 0.0700000000
-0.0700000000 0.0900000000 0.0700000000
-0.0500000000 0.0900000000 0.0700000000
-0.0300000000 0.0900000000 0.0700000000
-0.0100000000 0.0900000000 0.0700000000
0.0100000000 0.0900000000 0.0700000000
0.0300000000 0.0900000000 0.0700000000
0.0500000000 0.0900000000 0.0700000000
0.0700000000 0.0900000000 0.0700000000
0.0900000000 0.0900000000 0.0700000000
-0.0900000000 -0.0900000000 0.0900000000
-0.0700000000 -0.0900000000 0.0900000000
-0.0500000000 -0.0900000000 0.0900000000
-0.0300000000 -0.0900000000 0.0900000000
-0.0100000000 -0.0900000000 0.0900000000
0.0100000000 -0.0900000000 0.0900000000
0.0300000000 -0.0900000000 0.0900000000
0.0500000000 -0.0900000000 0.0900000000
0.0700000000 -0.0900000000 0.0900000000
0.0900000000 -0.0900000000 0.0900000000
-0.0900000000 -0.0700000000 0.0900000000
-0.0700000000 -0.0700000000 0.0900000000
-0.0500000000 -0.0700000000 0.0900000000
-0.0300000000 -0.0700000000 0.0900000000
-0.0100000000 -0.0700000000 0.0900000000
0.0100000000 -0.0700000000 0.0900000000
0.0300000000 -0.0700000000 0.0900000000
0.0500000000 -0.0700000000 0.0900000000
0.0700000000 -0.0700000000 0.0900000000
0.0900000000 -0.0700000000 0.0900000000
-0.0900000000 -0.0500000000 0.0900000000
-0.0700000000 -0.0500000000 0.0900000000
-0.0500000000 -0.0500000000 0.0900000000
-0.0300000000 -0.0500000000 0.0900000000
-0.0100000000 -0.0500000000 0.0900000000
0.0100000000 -0.0500000000 0.0900000000
0.0300000000 -0.0500000000 0.0900000000
0.0500000000 -0.0500000000 0.0900000000
0.0700000000 -0.0500000000 0.0900000000
0.0900000000 -0.0500000000 0.0900000000
-0.0900000000 -0.0300000000 0.0900000000
-0.0700000000 -0.0300000000 0.0900000000
-0.0500000000 -0.0300000000 0.0900000000
-0.0300000000 -0.0300000000 0.0900000000
-0.0100000000 -0.0300000000 0.0900000000
0.0100000000 -0.0300000000 0.0900000000
0.0300000000 -0.0300000000 0.0900000000
0.0500000000 -0.0300000000 0.0900000000
0.0700000000 -0.0300000000 0.0900000000
0.0900000000 -0.0300000000 0.0900000000
-0.0900000000 -0.0100000000 0.0900000000
-0.0700000000 -0.0100000000 0.0900000000
-0.0500000000 -0.0100000000 0.0900000000
-0.0300000000 -0.0100000000 0.0900000000
-0.0100000000 -0.0100000000 0.0900000000
0.0100000000 -0.0100000000 0.0900000000
0.0300000000 -0.0100000000 0.0900000000
0.0500000000 -0.0100000000 0.0900000000
0.0700000000 -0.0100000000 0.0900000000
0.0900000000 -0.0100000000 0.0900000000
-0.0900000000 0.0100000000 0.0900000000
-0.0700000000 0.0100000000 0.0900000000
-0.0500000000 0.0100000000 0.0900000000
-0.0300000000 0.0100000000 0.0900000000
-0.0100000000 0.0100000000 0.0900000000
0.0100000000 0.0100000000 0.0900000000
0.0300000000 0.0100000000 0.0900000000
0.0500000000 0.0100000000 0.0900000000
0.0700000000 0.0100000000 0.0900000000
0.0900000000 0.0100000000 0.0900000000
-0.0900000000 0.0300000000 0.0900000000
-0.0700000000 0.0300000000 0.0900000000
-0.0500000000 0.0300000000 0.0900000000
-0.0300000000 0.0300000000 0.0900000000
-0.0100000000 0.0300000000 0.0900000000
0.0100000000 0.0300000000 0.0900000000
0.0300000000 0.0300000000 0.0900000000
0.0500000000 0.0300000000 0.0900000000
0.0700000000 0.0300000000 0.0900000000
0.0900000000 0.0300000000 0.0900000000
-0.0900000000 0.0500000000 0.0900000000
-0.0700000000 0.0500000000 0.0900000000
-0.0500000000 0.0500000000 0.0900000000
-0.0300000000 0.0500000000 0.0900000000
-0.0100000000 0.0500000000 0.0900000000
0.0100000000 0.0500000000 0.0900000000
0.0300000000 0.0500000000 0.0900000000
0.0500000000 0.0500000000 0.0900000000
0.0700000000 0.0500000000 0.0900000000
0.0900000000 0.0500000000 0.0900000000
-0.0900000000 0.0700000000 0.0900000000
-0.0700000000 0.0700000000 0.0900000000
-0.0500000000 0.0700000000 0.0900000000
-0.0300000000 0.0700000000 0.0900000000
-0.0100000000 0.0700000000 0.0900000000
0.0100000000 0.0700000000 0.0900000000
0.0300000000 0.0700000000 0.0900000000
0.0500000000 0.0700000000 0.0900000000
0.0700000000 0.0700000000 0.0900000000
0.0900000000 0.0700000000 0.0900000000
-0.0900000000 0.0900000000 0.0900000000
-0.0700000000 0.0900000000 0.0900000000
-0.0500000000 0.0900000000 0.0900000000
-0.0300000000 0.0900000000 0.0900000000
-0.0100000000 0.0900000000 0.0900000000
0.0100000000 0.0900000000 0.0900000000
0.0300000000 0.0900000000 0.0900000000
0.0500000000 0.0900000000 0.0900000000
0.0700000000 0.0900000000 0.0900000000
0.0900000000 0.0900000000 0.0900000000
-0.0900000000 -0.0900000000 0.1100000000
-0.0700000000 -0.0900000000 0.1100000000
-0.0500000000 -0.0900000000 0.1100000000
-0.0300000000 -0.0900000000 0.1100000000
-0.0100000000 -0.0900000000 0.1100000000
0.0100000000 -0.0900000000 0.1100000000
0.0300000000 -0.0900000000 0.1100000000
0.0500000000 -0.0900000000 0.1100000000
0.0700000000 -0.0900000000 0.1100000000
0.0900000000 -0.0900000000 0.1100000000
-0.0900000000 -0.0700000000 0.1100000000
-0.0700000000 -0.0700000000 0.1100000000
-0.0500000000 -0.0700000000 0.1100000000
-0.0300000000 -0.0700000000 0.1100000000
-0.0100000000 -0.0700000000 0.1100000000
0.0100000000 -0.0700000000 0.1100000000
0.0300000000 -0.0700000000 0.1100000000
0.0500000000 -0.0700000000 0.1100000000
0.0700000000 -0.0700000000 0.1100000000
0.0900000000 -0.0700000000 0.1100000000
-0.0900000000 -0.0500000000 0.1100000000
-0.0700000000 -0.0500000000 0.1100000000
-0.0500000000 -0.0500000000 0.1100000000
-0.0300000000 -0.0500000000 0.1100000000
-0.0100000000 -0.0500000000 0.1100000000
0.0100000000 -0.0500000000 0.1100000000
0.0300000000 -0.0500000000 0.1100000000
0.0500000000 -0.0500000000 0.1100000000
0.0700000000 -0.0500000000 0.1100000000
0.0900000000 -0.0500000000 0.1100000000
-0.0900000000 -0.0300000000 0.1100000000
-0.0700000000 -0.0300000000 0.1100000000
-0.0500000000 -0.0300000000 0.1100000000
-0.0300000000 -0.0300000000 0.1100000000
-0.0100000000 -0.0300000000 0.1100000000
0.0100000000 -0.0300000000 0.1100000000
0.0300000000 -0.0300000000 0.1100000000
0.0500000000 -0.0300000000 0.1100000000
0.0700000000 -0.0300000000 0.1100000000
0.0900000000 -0.0300000000 0.1100000000
-0.0900000000 -0.0100000000 0.1100000000
-0.0700000000 -0.0100000000 0.1100000000
-0.0500000000 -0.0100000000 0.1100000000
-0.0300000000 -0.0100000000 0.1100000000
-0.0100000000 -0.0100000000 0.1100000000
0.0100000000 -0.0100000000 0.1100000000
0.0300000000 -0.0100000000 0.1100000000
0.0500000000 -0.0100000000 0.1100000000
0.0700000000 -0.0100000000 0.1100000000
0.0900000000 -0.0100000000 0.1100000000
-0.0900000000 0.0100000000 0.1100000000
-0.0700000000 0.0100000000 0.1100000000
-0.0500000000 0.0100000000 0.1100000000
-0.0300000000 0.0100000000 0.1100000000
-0.0100000000 0.0100000000 0.1100000000
0.0100000000 0.0100000000 0.1100000000
0.0300000000 0.0100000000 0.1100000000
0.0500000000 0.0100000000 0.1100000000
0.0700000000 0.0100000000 0.1100000000
0.0900000000 0.0100000000 0.1100000000
-0.0900000000 0.0300000000 0.1100000000
-0.0700000000 0.0300000000 0.1100000000
-0.0500000000 0.0300000000 0.1100000000
-0.0300000000 0.0300000000 0.1100000000
-0.0100000000 0.0300000000 0.1100000000
0.0100000000 0.0300000000 0.1100000000
0.0300000000 0.0300000000 0.1100000000
0.0500000000 0.0300000000 0.1100000000
0.0700000000 0.0300000000 0.1100000000
0.0900000000 0.0300000000 0.1100000000
-0.0900000000 0.0500000000 0.1100000000
-0.0700000000 0.0500000000 0.1100000000
-0.0500000000 0.0500000000 0.1100000000
-0.0300000000 0.0500000000 0.1100000000
-0.0100000000 0.0500000000 0.1100000000
0.0100000000 0.0500000000 0.1100000000
0.0300000000 0.0500000000 0.1100000000
0.0500000000 0.0500000000 0.1100000000
0.0700000000 0.0500000000 0.1100000000
0.0900000000 0.0500000000 0.1100000000
-0.0900000000 0.0700000000 0.1100000000
-0.0700000000 0.0700000000 0.1100000000
-0.0500000000 0.0700000000 0.1100000000
-0.0300000000 0.0700000000 0.1100000000
-0.0100000000 0.0700000000 0.1100000000
0.0100000000 0.0700000000 0.1100000000
0.0300000000 0.0700000000 0.1100000000
0.0500000000 0.0700000000 0.1100000000
0.0700000000 0.0700000000 0.1100000000
0.0900000000 0.0700000000 0.1100000000
-0.0900000000 0.0900000000 0.1100000000
-0.0700000000 0.0900000000 0.1100000000
-0.0500000000 0.0900000000 0.1100000000
-0.0300000000 0.0900000000 0.1100000000
-0.0100000000 0.0900000000 0.1100000000
0.0100000000 0.0900000000 0.1100000000
0.0300000000 0.0900000000 0.1100000000
0.0500000000 0.0900000000 0.1100000000
0.0700000000 0.0900000000 0.1100000000
0.0900000000 0.0900000000 0.1100000000
-0.0900000000 -0.0900000000 0.1300000000
-0.0700000000 -0.0900000000 0.1300000000
-0.0500000000 -0.0900000000 0.1300000000
-0.0300000000 -0.0900000000 0.1300000000
-0.0100000000 -0.0900000000 0.1300000000
0.0100000000 -0.0900000000 0.1300000000
0.0300000000 -0.0900000000 0.1300000000
0.0500000000 -0.0900000000 0.1300000000
0.0700000000 -0.0900000000 0.1300000000
0.0900000000 -0.0900000000 0.1300000000
-0.0900000000 -0.0700000000 0.1300000000
-0.0700000000 -0.0700000000 0.1300000000
-0.0500000000 -0.0700000000 0.1300000000
-0.0300000000 -0.0700000000 0.1300000000
-0.0100000000 -0.0700000000 0.1300000000
0.0100000000 -0.0700000000 0.1300000000
0.0300000000 -0.0700000000 0.1300000000
0.0500000000 -0.0700000000 0.1300000000
0.0700000000 -0.0700000000 0.1300000000
0.0900000000 -0.0700000000 0.1300000000
-0.0900000000 -0.0500000000 0.1300000000
-0.0700000000 -0.0500000000 0.1300000000
-0.0500000000 -0.0500000000 0.1300000000
-0.0300000000 -0.0500000000 0.1300000000
-0.0100000000 -0.0500000000 0.1300000000
0.0100000000 -0.0500000000 0.1300000000
0.0300000000 -0.0500000000 0.1300000000
0.0500000000 -0.0500000000 0.1300000000
0.0700000000 -0.0500000000 0.1300000000
0.0900000000 -0.0500000000 0.1300000000
-0.0900000000 -0.0300000000 0.1300000000
-0.0700000000 -0.0300000000 0.1300000000
-0.0500000000 -0.0300000000 0.1300000000
-0.0300000000 -0.0300000000 0.1300000000
-0.0100000000 -0.0300000000 0.1300000000
0.0100000000 -0.0300000000 0.1300000000
0.0300000000 -0.0300000000 0.1300000000
0.0500000000 -0.0300000000 0.1300000000
0.0700000000 -0.0300000000 0.1300000000
0.0900000000 -0.0300000000 0.1300000000
-0.0900000000 -0.0100000000 0.1300000000
-0.0700000000 -0.0100000000 0.1300000000
-0.0500000000 -0.0100000000 0.1300000000
-0.0300000000 -0.0100000000 0.1300000000
-0.0100000000 -0.0100000000 0.1300000000
0.0100000000 -0.0100000000 0.1300000000
0.0300000000 -0.0100000000 0.1300000000
0.0500000000 -0.0100000000 0.1300000000
0.0700000000 -0.0100000000 0.1300000000
0.0900000000 -0.0100000000 0.1300000000
-0.0900000000 0.0100000000 0.1300000000
-0.0700000000 0.0100000000 0.1300000000
-0.0500000000 0.0100000000 0.1300000000
-0.0300000000 0.0100000000 0.1300000000
-0.0100000000 0.0100000000 0.1300000000
0.0100000000 0.0100000000 0.1300000000
0.0300000000 0.0100000000 0.1300000000
0.0500000000 0.0100000000 0.1300000000
0.0700000000 0.0100000000 0.1300000000
0.0900000000 0.0100000000 0.1300000000
-0.0900000000 0.0300000000 0.1300000000
-0.0700000000 0.0300000000 0.1300000000
-0.0500000000 0.0300000000 0.1300000000
-0.0300000000 0.0300000000 0.1300000000
-0.0100000000 0.0300000000 0.1300000000
0.0100000000 0.0300000000 0.1300000000
0.0300000000 0.0300000000 0.1300000000
0.0500000000 0.0300000000 0.1300000000
0.0700000000 0.0300000000 0.1300000000
0.0900000000 0.0300000000 0.1300000000
-0.0900000000 0.0500000000 0.1300000000
-0.0700000000 0.0500000000 0.1300000000
-0.0500000000 0.0500000000 0.1300000000
-0.0300000000 0.0500000000 0.1300000000
-0.0100000000 0.0500000000 0.1300000000
0.0100000000 0.0500000000 0.1300000000
0.0300000000 0.0500000000 0.1300000000
0.0500000000 0.0500000000 0.1300000000
0.0700000000 0.0500000000 0.1300000000
0.0900000000 0.0500000000 0.1300000000
-0.0900000000 0.0700000000 0.1300000000
-0.0700000000 0.0700000000 0.1300000000
-0.0500000000 0.0700000000 0.1300000000
-0.0300000000 0.0700000000 0.1300000000
-0.0100000000 0.0700000000 0.1300000000
0.0100000000 0.0700000000 0.1300000000
0.0300000000 0.0700000000 0.1300000000
0.0500000000 0.0700000000 0.1300000000
0.0700000000 0.0700000000 0.1300000000
0.0900000000 0.0700000000 0.1300000000
-0.0900000000 0.0900000000 0.1300000000
-0.0700000000 0.0900000000 0.1300000000
-0.0500000000 0.0900000000 0.1300000000
-0.0300000000 0.0900000000 0.1300000000
-0.0100000000 0.0900000000 0.1300000000
0.0100000000 0.0900000000 0.1300000000
0.0300000000 0.0900000000 0.1300000000
0.0500000000 0.0900000000 0.1300000000
0.0700000000 0.0900000000 0.1300000000
0.0900000000 0.0900000000 0.1300000000
-0.0900000000 -0.0900000000 0.1500000000
-0.0700000000 -0.0900000000 0.1500000000
-0.0500000000 -0.0900000000 0.1500000000
-0.0300000000 -0.0900000000 0.1500000000
-0.0100000000 -0.0900000000 0.1500000000
0.0100000000 -0.0900000000 0.1500000000
0.0300000000 -0.0900000000 0.1500000000
0.0500000000 -0.0900000000 0.1500000000
0.0700000000 -0.0900000000 0.1500000000
0.0900000000 -0.0900000000 0.1500000000
-0.0900000000 -0.0700000000 0.1500000000
-0.0700000000 -0.0700000000 0.1500000000
-0.0500000000 -0.0700000000 0.1500000000
-0.0300000000 -0.0700000000 0.1500000000
-0.0100000000 -0.0700000000 0.1500000000
0.0100000000 -0.0700000000 0.1500000000
0.0300000000 -0.0700000000 0.1500000000
0.0500000000 -0.0700000000 0.1500000000
0.0700000000 -0.0700000000 0.1500000000
0.0900000000 -0.0700000000 0.1500000000
-0.0900000000 -0.0500000000 0.1500000000
-0.0700000000 -0.0500000000 0.1500000000
-0.0500000000 -0.0500000000 0.1500000000
-0.0300000000 -0.0500000000 0.1500000000
-0.0100000000 -0.0500000000 0.1500000000
0.0100000000 -0.0500000000 0.1500000000
0.0300000000 -0.0500000000 0.1500000000
0.0500000000 -0.0500000000 0.1500000000
0.0700000000 -0.0500000000 0.1500000000
0.0900000000 -0.0500000000 0.1500000000
-0.0900000000 -0.0300000000 0.1500000000
-0.0700000000 -0.0300000000 0.1500000000
-0.0500000000 -0.0300000000 0.1500000000
-0.0300000000 -0.0300000000 0.1500000000
-0.0100000000 -0.0300000000 0.1500000000
0.0100000000 -0.0300000000 0.1500000000
0.0300000000 -0.0300000000 0.1500000000
0.0500000000 -0.0300000000 0.1500000000
0.0700000000 -0.0300000000 0.1500000000
0.0900000000 -0.0300000000 0.1500000000
-0.0900000000 -0.0100000000 0.1500000000
-0.0700000000 -0.0100000000 0.1500000000
-0.0500000000 -0.0100000000 0.1500000000
-0.0300000000 -0.0100000000 0.1500000000
-0.0100000000 -0.0100000000 0.1500000000
0.0100000000 -0.0100000000 0.1500000000
0.0300000000 -0.0100000000 0.1500000000
0.0500000000 -0.0100000000 0.1500000000
0.0700000000 -0.0100000000 0.1500000000
0.0900000000 -0.0100000000 0.1500000000
-0.0900000000 0.0100000000 0.1500000000
-0.0700000000 0.0100000000 0.1500000000
-0.0500000000 0.0100000000 0.1500000000
-0.0300000000 0.0100000000 0.1500000000
-0.0100000000 0.0100000000 0.1500000000
0.0100000000 0.0100000000 0.1500000000
0.0300000000 0.0100000000 0.1500000000
0.0500000000 0.0100000000 0.1500000000
0.0700000000 0.0100000000 0.1500000000
0.0900000000 0.0100000000 0.1500000000
-0.0900000000 0.0300000000 0.1500000000
-0.0700000000 0.0300000000 0.1500000000
-0.0500000000 0.0300000000 0.1500000000
-0.0300000000 0.0300000000 0.1500000000
-0.0100000000 0.0300000000 0.1500000000
0.0100000000 0.0300000000 0.1500000000
0.0300000000 0.0300000000 0.1500000000
0.0500000000 0.0300000000 0.1500000000
0.0700000000 0.0300000000 0.1500000000
0.0900000000 0.0300000000 0.1500000000
-0.0900000000 0.0500000000 0.1500000000
-0.0700000000 0.0500000000 0.1500000000
-0.0500000000 0.0500000000 0.1500000000
-0.0300000000 0.0500000000 0.1500000000
-0.0100000000 0.0500000000 0.1500000000
0.0100000000 0.0500000000 0.1500000000
0.0300000000 0.0500000000 0.1500000000
0.0500000000 0.0500000000 0.1500000000
0.0700000000 0.0500000000 0.1500000000
0.0900000000 0.0500000000 0.1500000000
-0.0900000000 0.0700000000 0.1500000000
-0.0700000000 0.0700000000 0.1500000000
-0.0500000000 0.0700000000 0.1500000000
-0.0300000000 0.0700000000 0.1500000000
-0.0100000000 0.0700000000 0.1500000000
0.0100000000 0.0700000000 0.1500000000
0.0300000000 0.0700000000 0.1500000000
0.0500000000 0.0700000000 0.1500000000
0.0700000000 0.0700000000 0.1500000000
0.0900000000 0.0700000000 0.1500000000
-0.0900000000 0.0900000000 0.1500000000
-0.0700000000 0.0900000000 0.1500000000
-0.0500000000 0.0900000000 0.1500000000
-0.0300000000 0.0900000000 0.1500000000
-0.0100000000 0.0900000000 0.1500000000
0.0100000000 0.0900000000 0.1500000000
0.0300000000 0.0900000000 0.1500000000
0.0500000000 0.0900000000 0.1500000000
0.0700000000 0.0900000000 0.1500000000
0.0900000000 0.0900000000 0.1500000000
-0.0900000000 -0.0900000000 0.1700000000
-0.0700000000 -0.0900000000 0.1700000000
-0.0500000000 -0.0900000000 0.1700000000
-0.0300000000 -0.0900000000 0.1700000000
-0.0100000000 -0.0900000000 0.1700000000
0.0100000000 -0.0900000000 0.1700000000
0.0300000000 -0.0900000000 0.1700000000
0.0500000000 -0.0900000000 0.1700000000
0.0700000000 -0.0900000000 0.1700000000
0.0900000000 -0.0900000000 0.1700000000
-0.0900000000 -0.0700000000 0.1700000000
-0.0700000000 -0.0700000000 0.1700000000
-0.0500000000 -0.0700000000 0.1700000000
-0.0300000000 -0.0700000000 0.1700000000
-0.0100000000 -0.0700000000 0.1700000000
0.0100000000 -0.0700000000 0.1700000000
0.0300000000 -0.0700000000 0.1700000000
0.0500000000 -0.0700000000 0.1700000000
0.0700000000 -0.0700000000 0.1700000000
0.0900000000 -0.0700000000 0.1700000000
-0.0900000000 -0.0500000000 0.1700000000
-0.0700000000 -0.0500000000 0.1700000000
-0.0500000000 -0.0500000000 0.1700000000
-0.0300000000 -0.0500000000 0.1700000000
-0.0100000000 -0.0500000000 0.1700000000
0.0100000000 -0.0500000000 0.1700000000
0.0300000000 -0.0500000000 0.1700000000
0.0500000000 -0.0500000000 0.1700000000
0.0700000000 -0.0500000000 0.1700000000
0.0900000000 -0.0500000000 0.1700000000
-0.0900000000 -0.0300000000 0.1700000000
-0.0700000000 -0.0300000000 0.1700000000
-0.0500000000 -0.0300000000 0.1700000000
-0.0300000000 -0.0300000000 0.1700000000
-0.0100000000 -0.0300000000 0.1700000000
0.0100000000 -0.0300000000 0.1700000000
0.0300000000 -0.0300000000 0.1700000000
0.0500000000 -0.0300000000 0.1700000000
0.0700000000 -0.0300000000 0.1700000000
0.0900000000 -0.0300000000 0.1700000000
-0.0900000000 -0.0100000000 0.1700000000
-0.0700000000 -0.0100000000 0.1700000000
-0.0500000000 -0.0100000000 0.1700000000
-0.0300000000 -0.0100000000 0.1700000000
-0.0100000000 -0.0100000000 0.1700000000
0.0100000000 -0.0100000000 0.1700000000
0.0300000000 -0.0100000000 0.1700000000
0.0500000000 -0.0100000000 0.1700000000
0.0700000000 -0.0100000000 0.1700000000
0.0900000000 -0.0100000000 0.1700000000
-0.0900000000 0.0100000000 0.1700000000
-0.0700000000 0.0100000000 0.1700000000
-0.0500000000 0.0100000000 0.1700000000
-0.0300000000 0.0100000000 0.1700000000
-0.0100000000 0.0100000000 0.1700000000
0.0100000000 0.0100000000 0.1700000000
0.0300000000 0.0100000000 0.1700000000
0.0500000000 0.0100000000 0.1700000000
0.0700000000 0.0100000000 0.1700000000
0.0900000000 0.0100000000 0.1700000000
-0.0900000000 0.0300000000 0.1700000000
-0.0700000000 0.0300000000 0.1700000000
-0.0500000000 0.0300000000 0.1700000000
-0.0300000000 0.0300000000 0.1700000000
-0.0100000000 0.0300000000 0.1700000000
0.0100000000 0.0300000000 0.1700000000
0.0300000000 0.0300000000 0.1700000000
0.0500000000 0.0300000000 0.1700000000
0.0700000000 0.0300000000 0.1700000000
0.0900000000 0.0300000000 0.1700000000
-0.0900000000 0.0500000000 0.1700000000
-0.0700000000 0.0500000000 0.1700000000
-0.0500000000 0.0500000000 0.1700000000
-0.0300000000 0.0500000000 0.1700000000
-0.0100000000 0.0500000000 0.1700000000
0.0100000000 0.0500000000 0.1700000000
0.0300000000 0.0500000000 0.1700000000
0.0500000000 0.0500000000 0.1700000000
0.0700000000 0.0500000000 0.1700000000
0.0900000000 0.0500000000 0.1700000000
-0.0900000000 0.0700000000 0.1700000000
-0.0700000000 0.0700000000 0.1700000000
-0.0500000000 0.0700000000 0.1700000000
-0.0300000000 0.0700000000 0.1700000000
-0.0100000000 0.0700000000 0.1700000000
0.0100000000 0.0700000000 0.1700000000
0.0300000000 0.0700000000 0.1700000000
0.0500000000 0.0700000000 0.1700000000
0.0700000000 0.0700000000 0.1700000000
0.0900000000 0.0700000000 0.1700000000
-0.0900000000 0.0900000000 0.1700000000
-0.0700000000 0.0900000000 0.1700000000
-0.0500000000 0.0900000000 0.1700000000
-0.0300000000 0.0900000000 0.1700000000
-0.0100000000 0.0900000000 0.1700000000
0.0100000000 0.0900000000 0.1700000000
0.0300000000 0.0900000000 0.1700000000
0.0500000000 0.0900000000 0.1700000000
0.0700000000 0.0900000000 0.1700000000
0.0900000000 0.0900000000 0.1700000000
-0.0900000000 -0.0900000000 0.1900000000
-0.0700000000 -0.0900000000 0.1900000000
-0.0500000000 -0.0900000000 0.1900000000
-0.0300000000 -0.0900000000 0.1900000000
-0.0100000000 -0.0900000000 0.1900000000
0.0100000000 -0.0900000000 0.1900000000
0.0300000000 -0.0900000000 0.1900000000
0.0500000000 -0.0900000000 0.1900000000
0.0700000000 -0.0900000000 0.1900000000
0.0900000000 -0.0900000000 0.1900000000
-0.0900000000 -0.0700000000 0.1900000000
-0.0700000000 -0.0700000000 0.1900000000
-0.0500000000 -0.0700000000 0.1900000000
-0.0300000000 -0.0700000000 0.1900000000
-0.0100000000 -0.0700000000 0.1900000000
0.0100000000 -0.0700000000 0.1900000000
0.0300000000 -0.0700000000 0.1900000000
0.0500000000 -0.0700000000 0.1900000000
0.0700000000 -0.0700000000 0.1900000000
0.0900000000 -0.0700000000 0.1900000000
-0.0900000000 -0.0500000000 0.1900000000
-0.0700000000 -0.0500000000 0.1900000000
-0.0500000000 -0.0500000000 0.1900000000
-0.0300000000 -0.0500000000 0.1900000000
-0.0100000000 -0.0500000000 0.1900000000
0.0100000000 -0.0500000000 0.1900000000
0.0300000000 -0.0500000000 0.1900000000
0.0500000000 -0.0500000000 0.1900000000
0.0700000000 -0.0500000000 0.1900000000
0.0900000000 -0.0500000000 0.1900000000
-0.0900000000 -0.0300000000 0.1900000000
-0.0700000000 -0.0300000000 0.1900000000
-0.0500000000 -0.0300000000 0.1900000000
-0.0300000000 -0.0300000000 0.1900000000
-0.0100000000 -0.0300000000 0.1900000000
0.0100000000 -0.0300000000 0.1900000000
0.0300000000 -0.0300000000 0.1900000000
0.0500000000 -0.0300000000 0.1900000000
0.0700000000 -0.0300000000 0.1900000000
0.0900000000 -0.0300000000 0.1900000000
-0.0900000000 -0.0100000000 0.1900000000
-0.0700000000 -0.0100000000 0.1900000000
-0.0500000000 -0.0100000000 0.1900000000
-0.0300000000 -0.0100000000 0.1900000000
-0.0100000000 -0.0100000000 0.1900000000
0.0100000000 -0.0100000000 0.1900000000
0.0300000000 -0.0100000000 0.1900000000
0.0500000000 -0.0100000000 0.1900000000
0.0700000000 -0.0100000000 0.1900000000
0.0900000000 -0.0100000000 0.1900000000
-0.0900000000 0.0100000000 0.1900000000
-0.0700000000 0.0100000000 0.1900000000
-0.0500000000 0.0100000000 0.1900000000
-0.0300000000 0.0100000000 0.1900000000
-0.0100000000 0.0100000000 0.1900000000
0.0100000000 0.0100000000 0.1900000000
0.0300000000 0.0100000000 0.1900000000
0.0500000000 0.0100000000 0.1900000000
0.0700000000 0.0100000000 0.1900000000
0.0900000000 0.0100000000 0.1900000000
-0.0900000000 0.0300000000 0.1900000000
-0.0700000000 0.0300000000 0.1900000000
-0.0500000000 0.0300000000 0.1900000000
-0.0300000000 0.0300000000 0.1900000000
-0.0100000000 0.0300000000 0.1900000000
0.0100000000 0.0300000000 0.1900000000
0.0300000000 0.0300000000 0.1900000000
0.0500000000 0.0300000000 0.1900000000
0.0700000000 0.0300000000 0.1900000000
0.0900000000 0.0300000000 0.1900000000
-0.0900000000 0.0500000000 0.1900000000
-0.0700000000 0.0500000000 0.1900000000
-0.0500000000 0.0500000000 0.1900000000
-0.0300000000 0.0500000000 0.1900000000
-0.0100000000 0.0500000000 0.1900000000
0.0100000000 0.0500000000 0.1900000000
0.0300000000 0.0500000000 0.1900000000
0.0500000000 0.0500000000 0.1900000000
0.0700000000 0.0500000000 0.1900000000
0.0900000000 0.0500000000 0.1900000000
-0.0900000000 0.0700000000 0.1900000000
-0.0700000000 0.0700000000 0.1900000000
-0.0500000000 0.0700000000 0.1900000000
-0.0300000000 0.0700000000 0.1900000000
-0.0100000000 0.0700000000 0.1900000000
0.0100000000 0.0700000000 0.1900000000
0.0300000000 0.0700000000 0.1900000000
0.0500000000 0.0700000000 0.1900000000
0.0700000000 0.0700000000 0.1900000000
0.0900000000 0.0700000000 0.1900000000
-0.0900000000 0.0900000000 0.1900000000
-0.0700000000 0.0900000000 0.1900000000
-0.0500000000 0.0900000000 0.1900000000
-0.0300000000 0.0900000000 0.1900000000
-0.0100000000 0.0900000000 0.1900000000
0.0100000000 0.0900000000 0.1900000000
0.0300000000 0.0900000000 0.1900000000
0.0500000000 0.0900000000 0.1900000000
0.0700000000 0.0900000000 0.1900000000
0.0900000000 0.0900000000 0.1900000000
-0.3500000000 0.0000000000 0.1000000000
